15 pre
78 91 80 20 83 45 8 81 55 13 2 58 60 98 84 
3 in
60 7 81 
28 pos
10 70 93 81 18 13 82 32 67 99 49 36 84 61 88 96 52 51 65 34 76 56 68 83 57 27 97 33 
7 in
45 24 17 4 55 74 43 
22 pos
18 25 86 33 4 89 5 60 52 37 82 29 23 59 15 12 28 19 27 30 11 39 
23 pre
83 69 16 64 14 90 67 38 8 65 36 49 95 23 39 3 31 5 73 81 54 19 61 
19 pos
65 1 36 50 59 3 54 39 95 76 6 80 19 82 22 35 77 4 7 
40 pos
58 60 35 97 19 44 18 71 15 79 25 16 34 55 92 8 54 96 17 81 47 41 27 56 84 85 20 65 43 90 9 33 78 75 13 30 2 22 23 73 
8 pre
19 83 30 20 69 35 44 8 
67 in
76 23 56 37 88 10 70 84 20 78 72 6 47 21 1 92 40 42 53 98 4 57 69 2 25 34 91 45 17 18 62 29 31 67 3 13 89 38 60 65 94 46 97 77 54 11 50 75 90 51 86 7 48 79 59 26 93 63 44 99 61 43 32 66 39 41 33 
4 pre
33 16 87 66 
18 pos
6 49 90 17 7 52 38 11 77 23 3 20 53 89 99 94 45 85 
28 pre
4 99 9 11 23 14 20 40 89 8 10 82 56 78 21 73 35 27 98 51 32 34 64 29 60 43 6 84 
56 pos
32 52 4 36 7 1 30 13 57 70 83 69 29 98 66 76 62 84 24 80 25 61 58 79 55 39 47 45 6 46 33 95 34 22 16 91 87 11 19 90 63 60 92 99 93 48 65 8 75 2 3 44 26 14 9 12 
43 pos
7 84 37 12 45 20 60 30 95 97 39 35 13 81 27 25 51 90 86 23 58 76 57 19 16 34 52 2 79 89 69 87 68 98 75 77 5 3 15 85 67 42 14 
42 pre
13 63 82 68 89 49 80 28 27 2 26 60 95 83 72 78 42 64 31 77 3 15 41 37 45 65 10 84 66 17 61 85 47 94 39 76 43 25 50 44 58 92 
39 pos
72 45 27 1 97 99 46 12 89 21 62 28 78 55 51 6 49 64 38 3 7 30 10 54 37 50 83 68 75 17 32 90 92 4 76 53 31 59 98 
62 pos
91 45 76 75 90 15 4 49 85 87 13 57 31 62 22 54 84 60 81 23 20 5 51 12 70 94 28 26 11 74 40 33 64 79 35 88 72 32 43 19 95 65 8 9 63 82 38 1 56 29 98 53 30 10 58 92 59 47 21 73 78 6 
15 pre
47 60 30 33 65 43 75 86 34 89 10 96 97 51 4 
5 pre
63 92 38 57 53 
16 in
86 64 50 37 81 11 90 19 53 24 3 52 44 92 82 22 
36 pre
1 77 53 43 18 76 47 98 45 36 71 66 35 83 2 27 61 37 19 70 75 5 90 58 79 74 62 91 73 84 99 80 10 42 69 86 
0 0
