16 pre
87 93 15 42 53 34 60 9 51 13 67 57 99 74 7 37 
36 in
25 60 42 26 59 46 53 43 67 79 49 55 83 16 88 90 84 6 70 14 9 99 64 96 36 62 85 17 4 0 29 32 5 2 50 35 
39 pre
15 16 29 83 62 68 47 22 69 14 66 39 31 1 21 93 64 91 50 34 87 18 17 52 20 81 73 71 60 46 59 11 33 96 48 97 25 79 37 
47 in
42 85 10 22 99 5 59 35 8 40 36 14 90 68 1 3 24 31 17 12 63 71 48 83 34 92 95 6 41 54 16 23 9 46 89 73 97 67 98 27 79 66 70 69 91 38 57 
26 in
40 77 56 1 16 86 0 7 20 62 3 76 22 30 2 23 91 14 73 57 99 94 43 66 47 83 
43 pos
6 27 39 63 97 0 71 3 91 73 15 25 89 83 21 18 46 90 12 9 30 33 8 76 68 47 92 29 4 70 84 93 65 66 60 22 62 55 10 5 86 2 48 
7 pre
67 12 94 84 27 58 28 
0 0
